100
-870 895 -651 -895
-409 915 -86 -661
-188 434 -4 30
-124 536 285 -33
204 870 434 660
-701 813 -395 -644
201 769 532 -801
-153 768 786 -755
-203 346 459 -68
-856 -453 238 -496
-845 -27 490 -478
541 870 719 -98
-776 576 -135 -237
358 343 611 -951
-984 -61 209 -103
-44 -317 64 -529
-929 857 756 337
-360 126 111 44
-280 807 181 292
-63 577 551 -955
-593 924 -511 -334
-394 116 -174 -616
-777 -167 130 -917
-791 306 -690 181
-633 970 426 102
-995 994 780 586
-666 701 149 -551
-6 495 148 -644
-860 877 -669 -461
166 626 797 -487
-250 747 634 188
-237 -242 161 -472
615 926 656 68
-777 -414 879 -703
356 715 910 203
-756 -716 970 -852
-339 115 630 -304
-631 920 -359 431
-302 -429 857 -804
-426 -555 727 -568
-686 358 -64 -744
5 -650 224 -812
-623 443 -32 -156
-512 283 247 -314
-691 287 290 -938
528 276 553 -885
-968 -882 821 -887
139 143 891 -32
-190 -785 940 -924
-979 482 -374 -200
-546 339 379 -395
-859 556 95 -706
-356 435 671 -366
80 -316 516 -980
27 -730 330 -761
-941 9 585 -518
199 248 822 -740
-349 297 905 142
-808 883 -220 -543
229 -667 623 -701
-386 -606 860 -818
-575 854 621 86
207 996 388 -628
-854 406 -390 252
230 283 963 -442
312 154 352 -892
-193 186 438 -277
664 1000 780 -531
-402 16 181 -756
-100 902 64 222
-770 909 -755 11
-989 739 -314 -292
-792 764 -447 321
-473 546 218 -879
295 391 691 -55
850 932 879 253
-236 -668 685 -918
169 994 472 -545
-13 293 761 -359
-679 432 -13 -77
-112 964 848 -113
332 605 540 -201
-854 582 -109 -655
-924 592 918 481
-266 652 -128 -432
-515 -372 571 -624
-408 145 -232 35
-900 -29 -510 -817
345 894 643 316
5 -507 571 -854
-378 877 233 -793
584 380 845 -389
299 337 820 -761
-353 714 645 666
-924 781 -7 336
-680 132 -593 -941
-569 -257 -188 -318
-836 -115 841 -888
-169 996 777 -227
-850 884 -228 -100
