5000 5000
4055 116561953
2381 100240024
2004 417074916
1427 997789281
3389 362989109
3151 584964927
1010 338776377
4005 652116037
679 787404691
1707 456436289
3237 116187877
763 591467095
4591 992346901
4771 675683041
3214 220111386
2959 491101999
1756 29122121
3931 269053489
1024 539141721
1298 362104171
4069 694470027
2324 262530835
4047 42870121
4011 575234227
2864 472122344
1580 105651359
2889 228535672
4829 135737341
2634 40496329
140 316933447
4372 855971751
46 321144751
1618 103077157
3099 82246725
3471 5767399
4885 16557697
4848 103691331
297 700396949
917 132318033
444 754959121
139 14976039
3270 266556529
1190 151717687
2583 18750715
3203 435718369
2325 22919761
952 211697861
4739 29705391
867 524425859
2115 432702226
1461 54533193
867 716666281
555 331096644
4148 114682389
4046 53232079
1007 20278273
3467 485975093
2969 312723091
1464 44021017
4719 402752001
804 71085711
4987 64594873
469 552748146
4327 823506014
2051 677867669
2339 986302535
2709 246323561
819 494675169
1214 598332808
1717 188929729
605 71081649
3357 686333929
1972 37611751
1178 38055861
1233 5297687
3092 126109604
1287 294071941
502 206210376
3245 186129217
3152 522585247
861 168880733
4626 3886637
3890 427690216
652 146576821
1575 169261589
274 267187897
1494 101573525
4307 1589353
1296 24374065
3082 342637226
1203 91587708
1535 167571256
1905 115682876
1396 28123441
4789 120940952
4590 498745661
2348 421816525
3534 764517985
2390 242422993
2677 154099324
1695 128928621
2963 241242925
4164 230494708
4042 750377035
4818 590407126
1054 421100791
3092 350990965
1844 337733075
3060 506150351
3486 172077985
223 495848629
3110 414657426
442 649465751
4927 576253576
1365 12984176
3653 512608824
2625 207903685
1397 536325175
2136 7270009
2638 146357249
2014 59395897
4495 76963217
3604 60913885
1300 138874024
59 274088179
2314 393425173
2733 21292987
3489 929381797
1316 46723108
2947 147532397
953 520329904
779 24179683
4770 790433641
4338 24479704
1760 714993000
3121 731455998
4670 414549779
195 492009371
3960 44141761
3030 610233096
3705 230813353
2982 24762028
860 58415904
1709 30614490
1827 61638753
2082 110932757
1639 375838269
278 372656376
2402 293630599
4126 6816097
28 173631163
2984 95606512
4710 61711189
2617 183976421
1017 864677801
1912 663388609
2049 492950173
4899 209334852
3550 4504948
3634 48987062
651 99115646
4675 195097135
464 457263094
2853 18236496
423 1448944
2058 51810097
1337 963661301
3940 167232822
3175 462073501
424 307692961
188 279600361
3250 352990781
4911 13184345
1606 493764769
4141 33655581
373 312713423
1191 170487201
220 186950395
1623 24983128
2807 31725233
1641 265290181
4821 77331409
4770 98526890
586 607683847
822 688157667
1223 410089213
1028 185312326
3674 530494826
3932 456525001
2759 63102364
3726 113781097
4727 452690785
4938 47990482
645 163081205
449 571761934
1267 131852521
4606 7403445
2092 350870105
4153 584025
1937 129766696
4333 85689397
4166 19225069
4522 234156771
4280 203329673
4868 224831546
1725 681022623
130 69175999
1550 106651273
991 36714801
1837 668944476
695 299385129
3696 27743854
4815 177762793
3521 311202010
2042 1259184
4474 516505433
1912 644570194
1387 34549796
4843 749059841
1530 757184549
1035 1461073
1487 327934553
4133 102236065
4194 339634653
3344 6561803
3386 752820328
1829 448312201
262 7019056
2544 34139248
4088 96462273
4775 538979401
4738 552356137
2265 236437951
3908 348032059
2168 110782757
4232 198319801
4970 452500973
1620 601294417
1667 201600243
409 170101270
4873 103066721
3956 267378437
1853 632581093
2274 207234939
4595 162550337
18 502373683
299 157634325
2473 89356473
2427 116783755
2546 50296327
1670 280425121
600 36604061
1886 501566521
3123 291529351
653 485210025
3250 186572298
158 155121299
490 309909355
2987 242790115
4788 574659637
4892 14818996
2445 72212558
1082 737608113
2062 94715629
1210 214112911
3275 600225172
800 143155216
4698 149876641
1416 488316037
2091 60583726
439 18063028
4212 296292270
535 307652321
2506 407184523
562 7637865
811 413593265
693 483464590
2785 311624065
1310 51629221
663 678234129
3632 50461608
4206 106245141
1575 459119352
108 858048475
3749 204603677
1154 62708062
4708 6527401
1902 206159101
322 296332417
148 693856699
1469 693236737
3902 17101501
4882 174911153
4708 176680705
1499 411392543
4117 3411101
2760 440701275
3187 341099857
1176 495318861
3070 48174035
839 14247115
4849 101131114
3143 43258361
712 171727999
4633 538228251
710 162632003
1982 18230241
149 373366020
3789 440797390
1742 134548819
155 255208045
3381 913714673
2446 9890001
1471 643140621
2620 71875233
1686 154162807
929 766263331
3285 359270185
1571 285656625
3416 603289141
3366 39270577
1153 27259417
4513 354261709
1301 147342631
1178 506525177
941 5259025
2762 103557906
2134 23812449
1396 138030811
2395 10408217
2592 136051378
2988 182173630
4142 481005435
3590 127815731
324 12289339
918 97420126
2333 3589889
2393 218061906
2665 275354575
2374 146278350
3300 814258111
1560 210297334
2994 14987665
3753 391916921
3141 778686976
4509 87954739
1495 155376961
4911 574135534
3697 954522241
1972 748859707
1523 779301283
4311 20460882
1170 85216179
4592 798230046
3520 561608278
855 200728567
1181 191374081
2655 143343465
1615 203118909
1139 367380495
3949 25791468
3019 10908577
202 267534471
4429 62325871
965 18771904
3460 25227379
3067 385598285
4628 81225054
2229 56314441
4211 1641665
1627 258106993
3144 37126821
2913 292218033
2824 204589721
459 35407736
3700 832892150
2878 269261799
4622 27269101
4582 359264655
3461 98893999
3293 171921877
45 22585353
3689 71220581
2667 8379463
1268 641847341
2690 58801783
4586 215376701
3846 532933822
2099 252771465
2810 351431081
1953 411851496
2179 257203621
4603 503096868
4477 175359636
3852 652782
4775 316516801
2453 5832892
1584 92944297
239 49776250
436 470163027
801 526877419
2883 194038417
2043 579611751
3289 593019265
2285 767306048
3637 237503374
3101 9850809
631 6303127
1168 648901111
4877 162189397
730 222515845
3425 505841221
230 148023921
3395 12514646
2208 65475752
4820 307608061
3550 559254466
2198 233132311
735 395544079
2888 195197783
1570 253037824
3583 741675551
4377 8657991
1790 385183657
966 130179820
2318 142846393
320 85313387
1587 490021981
2949 389304025
3772 510527511
4015 69774503
188 128559739
1343 947980839
1266 314263951
4018 97228860
1051 254713681
4806 4982491
3016 161761271
409 655075203
2977 99991889
4875 206932801
8 569234861
4642 18663833
532 18401967
3755 281836941
1052 526290927
62 47892200
362 190299502
255 488262763
3773 78986545
1919 50095441
4079 54931393
3740 153323793
1366 104547703
1104 281326068
301 28601137
4695 234959591
2161 82815931
3844 756726307
3762 601505641
1605 337301489
584 213586669
418 529279797
1222 239571319
41 977830501
1743 401023195
2352 65812106
2077 425208701
374 34785865
1960 575892451
4023 9906868
3497 621978400
3751 57034291
1512 488248399
4024 400450870
684 395360617
1853 500049045
1801 67974457
3013 141053719
2678 558778909
1512 102815889
2598 323043177
4481 688099073
4850 49905307
4256 47553193
1766 204940149
2124 258438376
4598 106420443
869 103162139
1916 10576865
2289 43071621
1442 433710301
3005 58649701
3492 437769534
3249 41332501
2969 102034786
3198 15074473
2835 817949602
3237 78767881
1118 365624583
3157 511823467
687 191455933
591 368721235
4905 257355876
2669 175781405
4252 646899121
738 547301185
1659 817362651
4010 584383897
337 56706199
2899 835407201
3942 181055070
2568 480550461
2226 403008817
535 156960489
577 145518145
2503 331838421
4072 47310849
3509 578243577
4290 431547862
1385 16136982
631 867175147
3750 353899258
2805 120545681
3774 111288061
951 19212131
4084 808261343
2580 437279151
7 83970822
3125 179809363
3097 821395641
872 56597437
2753 105453313
322 482247364
73 213506962
1472 663300666
3852 82362715
3692 158227039
809 76668144
3639 91741728
684 218660708
3876 153753604
4337 218605709
4051 298534510
487 109838811
3505 351346041
279 24622387
740 542671043
1599 137178341
2323 54489975
1877 922312588
545 170048157
3794 313321123
2419 264942841
485 36426257
2273 84965503
967 84264636
3401 221455201
579 950861171
1001 78187213
1475 180852211
4030 39361921
4747 410004901
906 377777781
804 409310551
2283 52278913
2972 57487788
726 87222785
4645 707239
3130 359820645
4957 369584351
1450 266568796
4370 322319317
3316 232285915
254 253222563
4998 60225153
3525 79440079
1186 192957751
4146 85285461
4995 238205113
1170 27642546
4240 463788369
1618 30000277
20 95142949
768 158825075
1992 44106763
1140 421522805
3376 973782145
4217 193835809
2195 151742923
4238 290926801
199 506694545
2034 88576206
4797 611855300
3469 226586326
3196 67129321
4917 839735205
3898 7571737
3106 874395515
4523 207469549
278 16182757
3156 8389817
830 832965784
2859 217153129
2997 102496929
999 489805042
4660 234533801
3725 161533003
4523 128536641
2318 5480349
1727 17286057
406 273923115
4576 11929702
4527 265688053
974 166821457
929 312270905
4563 139857301
1893 294297576
4596 25976084
1513 150733561
818 203409977
3437 264098131
3268 2350981
398 113289274
2932 636657119
3043 371864053
3165 89060959
2126 329117351
1437 13153276
3942 158617927
369 427332478
1903 20106365
569 44742017
3266 869997070
3003 247091619
4202 9000967
3764 60353491
3485 512305621
2105 246673918
1505 87943571
3672 847179751
4012 629464657
4544 330903921
3141 42759751
3912 22561626
4335 449119516
3727 264058624
4746 322874944
324 484908201
2498 33068321
1661 7056224
2796 53160985
108 239695858
4678 66986187
798 472918513
614 874914895
1074 727085921
912 26413665
2972 53922527
1184 23975511
979 62429751
944 76795951
4666 529590880
4002 82580293
3222 408349381
4717 8295028
2982 293276773
2526 427158799
375 62540029
2087 30727259
2150 459703111
99 114663281
4053 729774427
1749 864180427
1579 552025616
80 22300933
546 391354867
1265 192750943
4205 55735945
1197 271547065
546 60934450
2017 340930945
1767 53138541
2441 574277663
2391 137593795
2687 39809091
1660 298314151
887 482575053
715 257112115
4451 626960161
1185 220773888
2338 522981691
2895 27571870
2647 68657291
2517 471617861
2444 647973547
1059 17634925
4900 50885677
4197 91800853
1753 382395991
2503 520661927
4028 327205281
3739 30646333
58 383778295
1097 108403425
3841 540904806
3209 173472391
4439 16088601
4046 227366923
2668 370182457
4514 11541751
4340 152301793
1149 371516877
3719 67904898
114 289681764
3072 712116
1705 449755697
2911 163732878
2302 609216664
4513 10178416
1232 154228166
4237 385394311
3030 127376105
1125 167633011
4737 9504017
4940 224185096
4913 204682381
413 90991702
1490 29807119
4041 58577986
4777 527872221
3210 175874253
4090 271235427
3518 97861591
3056 301642875
189 164407129
356 315254170
1431 252722371
1738 102932172
2378 49356145
485 495665647
4576 342534060
1141 473110151
950 353472185
1566 34873683
4783 714334294
4989 39332629
1953 109937402
4132 674575705
3319 586778608
4716 305656250
1349 43245478
4351 702839836
1981 102919824
657 827485149
1023 393778103
1098 7481375
1231 446179449
2232 432282355
1045 119038573
3115 181589451
193 408164875
2010 46523106
2865 303653961
2283 369582625
3978 642503161
2365 241752881
3094 827406361
270 79496965
727 220373525
4166 57548666
1929 132581236
206 248064418
1703 29722734
45 970359641
1594 208698315
2956 358617473
1911 70760977
4913 379243557
1524 959760733
1184 348743539
22 59801781
1437 408822406
3969 248789269
4690 81492412
3924 82660754
915 71951972
153 241575838
305 132281687
1375 442734401
4856 127409311
4572 106799343
812 336621709
1478 174314513
111 1049888
4095 51831501
3495 100427419
2514 387776081
2241 533204719
2396 757712461
1632 62035585
1842 213541841
4420 133927201
1301 36727201
4521 161889397
1815 15048586
1035 240132689
2866 194319451
527 18640045
4639 59030777
3102 1980521
1097 75429551
3643 13556733
3885 32368897
547 556243830
4278 295589153
4217 31642297
2441 461971576
4812 606994623
3508 116117
1655 22102741
4445 58257915
1482 98211576
4483 16187953
119 269480737
1616 208789912
2994 609379025
4914 89024740
648 407730061
3214 38207994
1573 645918103
4975 20027746
2585 127568975
3880 908454913
3358 1013045
2804 43518853
710 763495436
2520 111404217
2231 499360841
2381 489925876
4608 74137567
3640 219484833
3628 417516476
2392 271496675
3799 176409209
4988 284396047
3972 429174577
4669 91266549
18 16031117
2741 30340921
284 5495713
4022 936991221
947 248831777
960 394609473
1886 70920226
4752 53882635
4459 917164326
2695 259548435
1497 111005497
747 134956756
4861 75858261
4382 335703853
1489 200667585
1503 636072201
1929 47562660
4848 365411107
3762 739873000
1696 72353806
862 202965595
2251 370695256
4529 24130647
3779 571111041
1181 411856825
1882 497695161
1331 292207917
1769 549747761
4908 348496741
2090 27467975
3649 453955501
788 648516326
4839 503497721
2328 317298086
2731 426182211
1505 16946449
485 121914781
657 10361594
3619 59709365
917 39400271
1841 14325660
1329 14001781
3389 708935033
1658 664593905
1526 69556301
3537 90227170
269 169715547
908 112390633
281 20553600
2819 257973681
3113 552794081
103 879337400
4729 198317717
4816 454528793
4904 10608535
3956 413738770
817 504106208
2396 212134001
4674 353440501
765 21430501
1728 569350297
3704 4473379
4826 11095329
381 232448997
472 10498021
4841 27169225
1176 306972085
2635 130521941
1309 33369181
4719 31446009
2547 115283246
1768 481370041
392 185868013
273 52589492
2830 220712185
120 378238870
4772 22343676
1879 100896
3433 527076253
910 187060861
3911 134510945
3696 153024197
283 279596026
2563 327201061
1869 65404289
1542 352365457
342 119854801
1368 10417321
1969 267378721
4887 454223353
1818 445469854
18 91041325
4989 76476674
1485 89300615
1598 50838681
1142 442153405
4363 25510517
3448 8327057
4876 515419205
4806 631968515
3196 318542356
1315 638458930
76 349400125
4891 309727081
3896 114804361
2341 180656361
1979 126544812
3243 332778104
230 299920367
2593 625282450
4812 46248641
4717 96132961
1446 72264276
3984 35727319
1607 701676696
3251 652792824
44 107730881
4669 1324351
2209 223063237
4959 10937
447 90623261
3050 327337891
2852 565769408
346 195943941
226 8709681
146 140072378
302 460281806
2329 51875153
1850 761313529
223 162862396
2247 171791769
4513 302116195
4657 72567601
2828 613489432
1463 387637793
1124 465269949
185 601235761
414 196576849
1622 481983646
13 93319109
2268 495124414
311 809634596
1552 17255436
2633 311887513
1627 587611615
3019 101851933
2583 13757491
3750 844428349
3517 557730637
3423 462140057
4114 90983233
2465 499990044
2178 49283641
1718 38753421
2021 47519746
4971 454178341
2872 268196752
4774 7778449
1123 464151574
1453 648469010
2316 38213512
4531 336885313
865 53578127
659 347053213
708 318788227
323 97359695
1972 577104061
2333 83788277
3284 147265
3507 112969473
5 249340092
124 161528196
1223 74461729
1648 112699204
1875 421764463
2146 12983713
1088 753358061
2432 120865699
3401 593108526
286 157122547
825 235585329
4009 244106221
2976 11961403
2647 700241253
3211 25044646
786 116016535
3808 420385497
1759 431453656
3701 80611489
210 4306501
4787 564896911
2049 148378745
4106 93759051
807 22482601
770 446352103
4558 273744127
102 107703971
4080 181463945
179 138691065
1405 30472357
4032 454791
164 502172713
1769 275407144
2378 696177327
1702 478890007
4669 418500818
1246 245110465
73 190200115
3276 464241441
527 56805289
1182 791549785
1490 289813019
934 470549729
1318 182380771
1797 143620529
2519 85598969
4712 71462602
3519 120354241
1316 107036161
444 19616601
3388 61074023
2742 58344392
334 11194721
1447 756815331
1843 119916001
2385 616890639
1161 261718381
4393 44270227
862 400322545
4130 79423543
739 361405985
20 164541081
1158 269944534
2835 81308917
4018 153258575
2981 33074023
4281 70129427
3885 406337326
2280 163819035
4252 173056069
64 153480032
4602 449996
2206 195560866
3402 65039805
2622 37819357
4452 146782213
1887 146494713
658 278072101
203 635665711
477 122142326
112 4875479
3708 623841631
178 602018054
2873 45801133
4582 734529019
2462 341337556
3575 695107207
2129 13939966
3167 260356069
756 12320356
1444 391541529
3650 44045641
1085 329006718
346 205980762
740 247840813
1262 276904865
784 473030076
15 819129682
3809 125145829
793 49604695
4299 494865451
780 296950921
2907 199074241
854 293319613
2449 188962099
1166 35777106
2329 89058619
3963 41867463
1800 453977224
3361 67443566
3860 137315038
587 387130684
2693 60313414
3334 451622404
2753 225512159
323 508964512
961 218067445
6 94394626
4702 525695353
736 214192651
2613 935311101
2183 208456781
2344 46557545
1103 37541533
4729 374341576
3879 108556561
1748 58028340
2485 930621547
258 37718755
2271 262144810
1101 135970435
3336 344861161
469 4467529
4010 43497846
613 27340901
14 186408678
2046 114180457
638 126426721
1838 294001576
156 484087656
4470 594562533
3482 688443819
3905 67572561
610 335083906
2947 62036690
4050 27353905
1832 295669760
4030 545275001
2377 33635701
3407 20131695
745 443713033
38 347106904
1712 207898127
778 109295473
2795 238292705
3098 477057151
727 751018465
2067 392716773
2734 725744611
217 200150023
2562 221315025
4877 120162801
709 532066966
907 56465082
39 260855947
2620 3033141
414 206912265
4479 405146629
1366 404592015
4010 555973849
2829 97242351
2015 257307751
2842 2205831
2671 95458825
4756 66264193
4601 715362049
2226 859635060
4688 637119280
3567 102924446
1607 93148056
3348 79262992
4625 144192547
1807 17345705
1930 597634399
2915 57929101
2125 171090568
2997 272618743
3226 437918201
911 692487757
686 51475145
672 158946473
2697 61326662
2510 343586126
905 151532641
4225 649312541
2114 698522205
33 76277275
780 15741751
1359 386666623
644 208339821
4402 48022521
3650 417339665
4022 201923591
2739 660468745
939 76942321
295 289669945
413 12557425
2753 90698465
1577 239753477
1487 330555233
1151 250922331
2657 145993782
1171 135689423
2804 410900785
1417 122109781
604 313387698
61 16967887
3145 104076025
2420 86886757
2064 110306669
961 882184681
1536 63136348
2124 189356653
3766 209380249
1847 318447361
2531 248567961
3674 19509896
316 236197537
787 253461431
3145 282542082
383 574187127
3267 479635325
4840 316401585
2103 620744437
642 873496882
4745 46507649
563 329846581
2281 432258345
2226 745363121
3089 202581022
3442 23849279
3633 55021066
4279 964293457
3762 238362589
4221 27737074
1417 338127542
4917 301807364
4158 489638137
1685 36015589
932 314311333
1506 291422515
1100 413785285
2100 813774275
4137 584461603
3234 223495741
96 158974921
2013 306352381
2107 153901203
3119 345375689
2553 412745383
413 136690769
4235 168326157
4542 266115431
3244 275111137
3296 428670001
3783 14556558
1112 29470651
4128 408876982
1824 125509599
583 133233506
4437 463019005
3162 586565199
4955 329386905
1646 1070651
3079 35303030
4650 511181616
3652 486998657
2190 98252566
541 216782490
2446 173150773
484 198005326
4991 559530469
2198 28703533
2109 759366391
1097 80113839
106 600579921
800 84142585
3958 496420014
3071 283998856
2161 22435321
2057 417527283
4547 564538564
870 104281045
753 199377835
477 146726369
3232 482809335
2852 6686993
4979 411091381
3128 19130881
4505 94844999
3683 130341749
2640 373308277
1406 4531385
2196 769881761
181 192129195
1220 32992001
2488 593268409
338 71882375
1694 156753382
644 156630107
4409 341669086
1996 551451601
1618 212255869
3931 495900549
2944 735074481
4476 561871756
3032 213661866
1009 210887395
4512 19863864
457 438927418
319 401859435
3789 803840625
2559 7191567
1767 345168421
4663 576795388
3733 177349361
3251 640550593
2023 700440191
2442 47512961
4924 449625
890 301688398
3171 512808928
2340 740198711
220 309552153
4843 11057747
1174 391011980
112 66444001
3228 705944953
2873 220215191
1754 215788651
3356 48931393
20 79808182
2223 55202115
1097 51276328
4407 57288031
2070 215317637
3161 3736801
640 295927057
3529 811907363
2743 132640761
873 8092057
4760 277504518
3211 488172697
1567 529966557
2129 32691411
1136 417396181
4840 192217312
2462 36908641
4744 731040257
3472 128969797
1771 425545033
4720 335501433
4031 274042641
1103 224701729
75 429567041
579 603943983
4350 262799713
2216 5244281
435 14513473
4878 864458113
1642 313230409
4041 587315366
4726 16712651
652 280511246
2577 241392529
4172 399732985
2331 85921605
66 774782577
1536 266987311
3954 28653828
1524 191661211
4461 430285945
2044 176738145
2636 20874530
900 6971517
4176 98696503
2007 256761028
3788 27853593
4993 109419746
2252 538844650
2493 357101627
2036 251588776
1399 65607409
2881 393941857
4759 535288885
4029 31066289
247 818695967
1997 552118447
4110 152802916
2508 534693432
3232 2964677
1323 340267819
4939 11220371
4327 19418625
204 380053234
598 93187249
4182 343249806
711 90698171
4101 553207483
4285 21565825
2190 45266171
1985 67021125
4264 361636787
3569 918774487
4768 183969901
453 234880894
3930 76916248
2702 44248075
474 241813345
75 323997775
2562 78674391
1671 24627783
3617 188422413
2235 32628465
2118 441587485
2558 647716444
712 255034305
1892 37269348
1226 170334982
3778 167344705
1196 563767280
4831 480971635
3045 436224167
2353 118929392
4877 93060177
3422 382841601
4197 123458849
1704 58010551
2567 258376168
3031 80948571
2054 259691221
201 484198505
1817 426585721
1518 237039449
4542 77131237
4037 127023969
1445 84102513
2410 665687191
309 521546505
642 193072705
4009 180719857
1798 121118873
2226 408506871
847 12190069
3124 422562478
4187 83809121
1112 694308267
2078 259532947
1036 442139073
3317 998869751
2994 220316883
4018 35857312
2799 562042541
2036 455388613
1347 468275149
169 326487966
2303 229586760
1884 15363426
4963 239765633
1844 168744181
2219 427411389
1286 871002269
3222 413716201
2925 610661107
2547 310104621
784 69762897
695 128938121
320 580555586
4060 73704502
2771 21090141
2740 404908654
3901 240789727
596 171125841
4973 342120481
282 461974705
3164 449321
1143 280077976
3615 482294917
260 8966455
3875 277635025
1378 796344571
3911 219425453
2776 25630372
4069 54642433
1231 32851169
2569 834859393
3770 25562157
3844 402628801
106 596928558
1185 382081969
1300 75000681
2680 965457026
1138 78717871
3996 122395489
2101 14274307
2744 683561021
780 80779249
5000 7887061
2672 529542159
2897 55604090
4715 649732194
1402 4097068
2552 87429585
4717 274550081
2492 355420969
2063 467841489
3034 185233123
263 126679041
153 69402785
1301 93064183
3372 412824505
3324 318102713
1123 163659905
731 291331041
1644 73068135
1307 5153276
3924 140827870
2710 372094093
642 733312105
4856 209316473
4373 283803928
4782 803172769
321 7919281
830 275880301
1285 36212376
4744 145487061
1811 14615212
2356 289801289
1114 117999865
3598 747516065
2132 763604871
1578 113919201
1172 58593835
996 440735971
769 38980768
3812 79832187
2384 95877181
2517 129228583
3402 75670197
342 5894981
2754 6426855
3630 141213413
3950 134685304
4905 43535114
3389 40666053
48 23947001
1213 414965827
1901 247760851
2895 756944417
1572 231560649
4218 841236931
2095 451057633
2696 604472377
346 39599038
1914 763768573
541 382536881
4203 50367053
4947 20710381
703 59809201
3560 57783930
2959 183480001
1921 33404568
114 245859841
3354 301010959
239 16685915
2620 222363851
3647 4932658
1009 31579762
2768 239961086
2230 315701737
3778 19561249
2090 44585355
1666 279914149
2049 135250585
1890 84845811
3274 132820481
570 97207888
4583 263042020
877 578974012
2505 209624417
815 465635611
1635 470960465
916 322569963
1856 69481946
4171 232277509
2534 64166751
4814 474642186
477 124640865
3252 57517297
1085 113170993
3522 170558461
1100 84832329
1154 301688611
2834 111711489
3201 36349377
81 246332341
2683 183119091
1863 619028071
1066 40578088
3539 161969872
4341 58627875
1315 377293033
3170 25675681
220 6021269
4730 96707290
1374 586370617
4554 190947151
495 119476545
490 107355031
4040 759096950
3874 13211705
1337 150982161
4940 558137233
4906 71973976
4614 721949121
4539 6763339
3863 10537056
4146 24658393
2767 239468451
4166 235384426
752 283339741
3541 92717353
4709 263211859
1592 100902803
2580 186403051
112 401419726
2986 608566135
3567 333816913
2784 77122431
2688 119957965
4834 760646845
3276 21983809
1533 204113868
1331 295371361
3361 428993191
1002 273194763
4905 251841868
1487 829176783
3461 60503481
504 60782249
780 260869911
2338 26093692
3989 242796421
4867 294725001
3183 799655521
4529 147181581
585 36784177
1255 193146594
1107 1118005
501 658754086
595 97857785
2856 189043401
304 67126661
2227 75359523
629 34030523
4060 341026885
2316 207108525
52 272035026
2677 867392561
2180 605562887
1014 58591110
4653 282043546
1990 137012111
4499 870423949
819 653669749
823 247935884
2216 323895001
3966 48858424
272 523325297
2866 605101729
4826 21212166
4645 29396251
40 196571985
4309 284789281
2782 223161121
593 425791169
807 192116266
3714 766043729
1565 509400226
4454 494973497
3439 254799761
3368 399087019
1435 12548276
3819 366554897
1699 82218929
2657 122875525
4581 158434031
2168 575634572
4714 187714751
4325 157105747
490 24254913
312 24486871
2966 432006003
4614 45573876
431 868275409
3896 472706229
4100 135845200
4783 327118777
3143 630371938
4127 164846605
1261 33796441
3287 456514225
4026 5975943
1670 146385604
70 599066853
2306 410899556
660 299630098
2033 183966931
2660 198791825
1266 86885401
1681 691081
4527 108205001
3204 33372541
3194 546529181
3967 39328897
887 477053676
3777 534098433
940 102597860
1788 311629046
1989 277058048
95 375823441
2660 457299415
2952 175989129
611 68329017
3279 28267889
564 45247525
1053 93760813
2259 206926721
2554 116097515
4650 27130005
2326 648644491
828 530614916
3426 215428465
4431 155105122
3901 446433821
2203 204838393
247 16757841
2361 99625171
3041 307479726
965 218919426
4247 119915321
1060 195632654
294 63261641
1506 420025819
409 334485325
2948 717389441
2415 52325841
612 89300815
3803 188459747
486 26405710
2169 431544231
2001 14263189
3049 209306744
161 20224912
441 192153703
4517 598855681
2785 108985851
2791 6464851
1144 24417426
3860 186595405
1628 19814961
3848 418943009
2028 145039441
1671 42815920
207 298531795
274 396592032
915 95692545
4813 162874993
2610 274068512
1954 72581990
1955 266204062
3492 295459137
1191 498572929
4798 24629023
3157 87729670
2295 42976319
2102 57489191
3742 387187156
2082 3174057
3875 221674129
3624 167648851
839 72561853
2037 247984045
2557 87843027
4138 360583024
4451 373345291
571 56378518
1727 186183974
4132 273530437
2182 6709147
2688 11744944
3771 567607521
2203 877301253
2251 391449846
595 617422345
4743 32420914
1858 239459170
4855 237081495
1763 441139987
2170 143588197
1239 86138224
3315 84663487
3907 180219443
3438 302434986
3700 148893343
320 101099593
2948 118600496
1207 18725161
1836 178651201
1439 63625361
1049 478962302
2042 84221933
2976 223215055
4375 4057373
2936 477401805
1418 26822401
426 7414176
4602 53796865
4807 5632105
727 206321655
625 134795818
226 216792521
4060 852380623
544 389780061
2197 5197921
3945 17560216
1377 169371541
2460 317390689
2597 568610505
582 147172043
2303 148719171
2123 88691791
1183 46535165
2359 872709896
4785 128477801
650 56198298
4871 851772727
4995 550201521
2044 21171417
496 370801
1362 121345
1119 773344111
3477 3806156
2506 483547201
1180 60470491
2997 400300834
34 425500346
3750 222147401
2712 71465626
3368 21413448
157 523031257
495 459711742
152 23151349
706 100912460
3869 57198753
4604 661559438
2732 489051321
4466 422284318
3807 307407451
4958 8110747
2384 557437733
465 32838048
2549 304264753
2161 57153763
1224 232715634
4212 572034980
485 110022997
4306 576388492
687 521506883
4559 7269025
1980 871193525
987 126348571
3936 108950541
1543 250884205
1835 286883095
1452 59739478
979 66584626
2513 504197776
3731 408145588
2131 212008941
532 322237028
3250 466498803
1940 588137776
2101 238190096
3487 479095129
775 561251944
2115 840655291
477 342768863
4736 9256839
4103 787723203
2861 450359105
1701 996158756
673 572924865
2573 46793458
4982 631746121
4410 12614141
2189 423628241
3218 166106929
2982 668623671
3533 133227625
3948 762813808
4811 406350473
1758 189768223
1984 123830155
4855 3865236
1223 581228317
838 475265448
1086 728907031
4165 36122824
3260 4399561
818 720892240
3239 86105376
4926 180043566
435 197214193
3254 68585708
1035 36244462
1528 601861898
3185 699443041
1262 118668351
1172 243328931
4032 48806289
1287 141973206
1826 47986873
2641 776485785
434 125113825
2277 845291185
4010 384027731
3408 437936311
3099 76317121
170 913721953
2030 5280661
4019 326261437
3110 38128031
4920 85030555
1768 194451057
4128 25130275
2077 63257923
4582 28191046
2349 224135449
1874 163029417
955 108363295
4478 327646731
16 456595107
1700 547015625
3439 55819229
3089 195437441
1041 439314998
415 696521017
2522 38379496
2983 298677676
2398 594953872
3266 21886525
1788 239420041
4203 62038009
2304 82412901
3754 166453208
3058 37620201
1615 88767754
432 27043930
3330 184073713
3948 67809025
612 238177172
3459 537276993
2477 318278251
1750 764080317
4117 147351169
4867 548212801
3233 368816761
605 76675742
3029 569267983
4935 44087707
303 595252867
1148 103527810
2702 346184110
277 181760261
1777 485997601
4582 382523457
828 501610425
2254 92651537
1083 82919431
2070 28620268
817 412802479
4610 471970150
1813 521873353
4604 506018926
3019 133675675
1437 133991759
4808 18777340
2290 145804261
2155 143802881
2514 318233308
760 248198626
2303 432367456
3231 103231131
3646 182716721
4409 246139939
3027 633830800
4467 507791869
303 265088989
2525 532164452
1940 243748561
4956 66311801
4317 313530049
1652 99844723
2432 91164035
1765 593402877
1409 644964001
4605 28341181
3371 30613446
2485 3934943
2693 1544890
2134 5869522
4194 74615860
705 120093567
612 616138447
2671 414171343
2816 239755441
3814 345631339
1914 121944825
3827 16146871
4225 54350421
3298 88149010
446 28513285
1921 327214301
629 46597175
1468 914545693
2279 573284746
3040 88585702
758 472899582
865 368778733
2020 3206999
2098 106075597
3556 682543746
2433 387677011
3455 215458200
4459 18907243
2080 147555673
2170 38040301
3452 589738945
1498 66407133
791 996239665
1108 670326813
934 222157
4223 23382997
4737 74179739
1188 713500196
578 217290712
2942 518207236
1033 135673578
4653 268892236
2503 449485687
4859 128782433
615 35375803
580 51519413
813 230495626
3215 635576123
1196 272423723
747 583888089
1821 92702677
922 256553846
3342 6124226
4344 177209873
3657 893336662
2226 39665385
1660 70684219
1751 14971621
3621 65972149
1051 504488951
786 8671681
1182 143940331
605 347291776
3407 72385122
4865 785966962
3424 44006545
3864 51840433
3496 161542522
2424 41392457
1949 104202385
1077 496224961
1068 8400393
2599 153088766
2815 35639375
2516 164231033
745 189430966
565 348893806
1296 288025105
3199 212131951
2377 214274041
15 400974722
2403 314687964
1354 168421912
3328 20418723
2067 8737847
4928 908773405
783 232574449
52 190502721
1196 22646209
1180 612974473
4399 402041161
4244 102463192
1065 676613839
4969 586008668
3997 282743049
3692 426425581
4585 29308366
914 478248851
1685 325631781
424 201390176
3337 63685762
4961 777655243
3908 989653532
2896 54003701
2360 284342539
2029 107922415
4040 487482227
2579 344267407
2761 341954447
4415 17936641
3044 399863380
623 256184605
1291 168226689
4756 63409921
2196 60464933
2624 990777955
573 172579726
2080 397537276
359 256884077
127 13116385
4149 151648161
4905 184974395
1452 293890519
3414 14771954
546 20834286
1458 48546065
4452 56338337
2585 198589483
4912 466882441
1505 49115236
139 195911953
967 730880866
1443 398114347
3339 515756305
2265 99843409
4450 103642561
598 168278881
238 91713131
3013 107591422
2483 216082945
1550 406847209
664 418508371
1019 25732513
505 68850161
1274 8902762
343 749195288
4516 93066805
1132 31996801
3157 100261785
2025 31085506
1806 182693811
2181 632269
702 582293113
4629 310005361
3221 187914574
1193 48527805
287 373596706
2481 178968933
1954 90997738
494 78898039
76 220041505
1806 412104263
3283 130681642
1573 95923241
3062 605820907
2489 59929795
1266 231909859
3625 116381021
168 2524366
2371 95270575
3681 519021231
1367 32331262
857 663075841
1908 56142241
1957 75353189
4751 483579581
4411 548803411
3148 45210373
1258 254508319
4962 131832421
3162 204554701
4354 301371313
4247 64958761
2277 164121001
2544 321912885
2969 165375759
3690 248580971
4005 993770455
2623 600948945
4399 368379628
3415 653106715
4699 567827416
3048 26216449
944 239579335
716 88413283
786 156657943
4635 402756186
651 663780821
728 864928126
2959 54304705
4359 998644436
1500 94317893
2533 61518661
633 488635127
3036 395045677
2306 81670065
4851 40581857
2962 608366326
2190 135343363
1370 541683340
3677 251344618
1788 12369801
2356 216472497
1492 198950251
425 872140897
2191 104429403
2329 506881657
4524 88196557
691 9158242
1530 138813889
1082 160085689
2476 29448511
3211 16374736
2657 147625537
529 20656273
1728 137688625
3120 317879086
2638 93823171
2721 673850433
4434 4745016
163 31767841
163 330669229
730 860205799
984 139388976
2673 36447568
3240 327336065
4486 81273071
2155 63210122
1154 31043853
2680 152874870
4300 40527901
2426 51249314
1343 22013521
4769 147204001
2628 547677771
3694 675533926
547 288684393
571 6476737
2523 34901988
879 60530114
4296 228107041
1704 5318131
3777 771850
3735 851581471
2109 62826526
1462 792826021
3497 651947563
646 462240166
1717 67339905
4418 228137604
4000 68228161
510 71682580
2707 49365825
2589 181454140
577 441723591
2864 654196820
4980 242358832
2635 533410922
2263 311232405
1815 37938631
1485 615194479
554 217368009
4700 675506426
179 451063486
4902 223330654
856 177354424
2681 6187597
1817 251754849
4518 500096300
705 440643017
3254 14310181
4529 3874817
3960 15219923
1256 687293030
3939 158385511
4105 255430525
574 270985157
2851 67923641
3359 390600196
3937 172358425
2740 54589361
2204 9188892
273 413873956
1150 682309281
1728 685912856
2229 126991631
1164 423632076
3395 474404713
1416 335515366
1596 17334083
3544 140481225
3941 270884347
1155 902275008
3409 266903601
3318 43080031
478 4528321
2243 550580545
2491 884216866
1875 12000639
1781 204207601
3634 527356341
1057 512914367
1688 35175177
4955 322649216
1381 391715947
3472 180837271
2152 72824457
1809 224602301
3230 721629416
969 181369541
1331 27345751
4289 477518409
1805 217398764
869 161161438
691 136291033
923 396052385
1985 359491933
716 333319885
1796 1826045
2514 5475501
3947 72868097
618 326345911
2856 446253809
2326 359364688
4635 156392259
4939 272496469
1587 617776676
618 300294096
102 134308201
1441 201234823
1922 253470091
105 149875696
1655 68189802
4196 69931984
1499 451005625
853 101956865
2101 172353043
1593 145193782
4657 50020068
2904 41352261
2165 229525993
1830 33801351
4062 66396258
1375 26244531
4536 126420001
774 479648467
4526 16169404
3300 227571569
3471 224375953
4856 12265756
2208 544591480
2140 182311129
3390 626086066
3989 266552874
2615 227806021
3593 457486245
1094 642004021
1785 434635189
2441 684488581
1576 282660801
1295 21197875
2194 475949005
191 611615551
3373 101051121
1501 666348476
2864 344299198
4022 167211825
2366 138929401
1673 745882073
956 146724670
4509 172389706
1814 32039461
1394 295537600
4396 694445
239 546243769
779 399733751
4869 37446181
1069 78978949
1170 3904885
3514 45538305
4802 547030611
1098 157291702
1945 17913735
1178 212541313
3873 23434543
4253 4251937
2054 177058513
4431 547270369
1092 253481866
4692 4715756
4787 64538215
4616 83143001
3109 12655711
3566 274755555
3098 116366020
4307 579456516
3019 70385926
4982 326764131
938 219477073
1623 23464396
2265 90815905
1847 39069559
3188 336452095
258 618122704
3559 739099579
1729 745404969
4519 231156286
69 31373261
2283 5557249
1932 310095725
2904 197886109
701 288063961
2058 913032043
2763 217020286
3749 618198813
4979 52006136
1763 764205074
3282 279424987
1596 807894093
2127 44192449
3189 174063242
4579 27704757
4030 30251326
1377 285802024
4986 69542110
2093 938636349
481 543980725
2920 223937491
2987 351725197
2575 86833451
4358 42283197
2199 274913068
516 18716131
3884 102959827
1759 211401025
3325 355857088
4298 66747769
4839 175106897
3060 758913946
1563 182882155
4572 593798596
4561 118424485
4359 249398371
1292 219396493
479 179551009
3345 450611551
4102 220184137
4808 26294051
2814 759049253
668 12479553
3481 331276240
4034 524083143
4569 18040231
4237 242192336
4316 607609921
3252 746708524
836 357667783
3103 227324531
4534 636520397
4295 4810807
2875 87907905
2305 472546593
2898 428115583
1351 406955705
219 80215989
4938 348769819
1405 82111501
3934 160254292
644 459558975
1069 97150810
2992 546148961
728 371133126
606 191173405
3414 5048161
2520 52675441
2319 430165945
5000 421499462
3749 5375637
3756 508510651
2217 74141461
2784 56984113
2027 340867471
2301 167538166
871 530906580
4343 454459886
3868 621777819
1292 410220745
848 52393411
3956 489499733
3484 195745701
4800 51298681
2413 145185601
1084 253239919
1549 98140576
1142 571004809
3854 1351569
2407 273901681
1136 176517183
662 193338718
70 43467460
1557 558277485
1243 4917827
3483 324936739
10 263550780
2034 817375263
4506 338324209
4490 31334881
3648 221344281
1951 217123741
1752 43273993
2197 200100139
4669 599003329
746 134809354
4536 433835326
3841 198832261
1191 122541641
1856 610552145
3847 174553501
2111 27376201
3990 3416329
2114 43889386
2845 108902145
3711 65851462
789 286995927
173 113349585
1252 99684781
3483 131496633
3165 675444826
3654 628253026
168 44445523
3722 409828357
3084 116335104
2925 268509645
2520 559512226
4131 488017801
1610 57192136
1047 173348185
4341 286587357
261 39671356
2972 530525057
658 6176080
4769 287134233
4883 297034049
3845 26946314
4084 117481786
3625 646433670
165 323489856
3610 175935925
2308 13849069
1422 45882721
2123 14490106
1181 440854526
1925 527550017
4584 129630873
1052 263831245
1301 193729945
168 58246792
837 268056307
4744 2138335
4188 41232009
2152 212511816
209 314400373
4362 405754464
1625 197694325
867 150608296
1702 575727783
1578 417041151
871 326713765
1455 31780711
3214 311424394
4945 354896281
822 74082856
4074 495787978
391 9043867
3773 335206
3408 521070821
726 414037857
2983 147156319
4527 331667668
2343 34173363
1131 53195137
713 321285618
955 197658825
142 274093876
3319 233507261
3126 275535121
1726 32289411
893 58238943
4715 16485051
1063 47643503
1254 8417846
1042 352847137
1103 485466397
995 422248153
4245 74889829
476 96427406
2360 314214793
1300 249947074
3431 635031926
657 492024082
3768 60730543
4679 79149721
471 706820875
1091 628121887
4847 138069976
3620 134454629
100 22080334
703 223411137
1911 225997661
91 172318105
4233 232460176
4439 117396322
685 305804885
4320 590047912
1964 670952647
3344 452016966
4534 30723166
4456 196852081
758 22875317
2111 318781672
2695 122129128
2868 8658493
3611 342838207
2599 51742035
4785 107243441
4982 66195226
2388 714151391
1718 18470338
1844 138866155
2930 44313267
3803 236535382
1978 575181073
651 169834256
1079 231894818
2726 99082231
4974 6185485
4784 687030463
3559 80609599
3295 39988857
2825 260866334
2193 27085181
683 74516861
10 636499281
4777 422612289
2490 461967166
643 288227539
16 305729308
1940 104456695
3819 413920522
4508 240639409
1058 125937337
328 268039233
2148 362038444
4059 130966959
618 151957681
876 247283505
2488 508544965
1186 349953451
2926 48828637
263 144694793
687 55357409
2848 67285331
541 616009995
3896 346329505
4776 131874895
3014 401048471
1110 253351297
1493 60699437
3158 411835303
2256 412478163
4294 128160929
15 433557946
1666 174536407
4825 327245257
2170 671654408
3838 316791601
2761 21076331
1562 419611912
3710 990153739
762 141544447
502 209561847
3548 180417784
2356 446007562
3755 7840801
3042 7231745
388 549412329
2576 76547999
409 159251041
114 260097441
2415 851570869
115 498393679
2158 153330981
2185 689568001
2487 160337653
2997 458710660
3083 410363766
2127 491662081
2644 125365135
1216 51701708
808 624411225
3402 317642549
863 167455986
538 227912416
2801 460937393
971 36525421
4763 459256461
3914 511096801
4934 52053107
4107 149367460
293 734515909
2614 36686271
2161 191452724
4990 160833599
95 115912784
36 112358225
1197 23645239
41 13912909
4479 41111786
4063 320814401
4414 612800567
3576 331402685
1965 529029328
1099 27852301
212 832576122
4330 125998225
2917 274618761
1492 117011073
1500 43022283
4231 529453012
4850 102154981
3219 11748349
3144 187642267
3642 462909085
3476 14189657
3202 496785213
4854 600209127
1827 10398945
4843 487369737
793 421851449
4208 441821681
4368 429546801
764 11883076
569 26856877
4938 743828641
469 40788798
3692 290679364
4600 18341191
1529 304102246
4200 1979991
3596 99296121
622 41299506
2553 194808799
2633 468429841
4156 577526951
4839 114132826
3904 56353051
1505 10272569
4851 491017251
80 142801121
4786 559543459
930 45429526
3838 218351680
2415 67664741
1021 11689882
1166 629846186
1063 398643799
2198 2104899
2367 402954051
1500 404753395
2664 262282529
3480 49127655
2868 787233385
544 117708557
472 829042310
2382 224058545
3804 129813085
3433 587537886
4909 424960117
3906 310308513
4221 90886642
4040 579011953
2411 211280564
1533 536397646
2013 51484677
2055 240092775
2101 144972661
3718 841749481
2243 272135917
3327 608500073
3641 289438729
2628 19741761
31 95616521
3142 566562181
1537 39888235
1989 167305111
326 416578117
2424 367994688
4232 27052169
1710 3431401
211 242619772
564 144239091
4082 433908205
2765 39705552
491 369541251
3794 48649501
391 48064358
2133 824983638
992 31027309
923 80620740
2569 147214919
930 442802809
1577 13103513
9 423199169
3004 144725875
2580 4010304
352 111454909
456 791209521
2702 197466393
1936 88308501
2068 549027619
268 189144621
4816 183971829
661 9579701
4072 399177665
1796 487799330
1435 424121549
4708 740029501
316 216517731
1862 8079221
3767 491774961
1355 451109153
1939 142541907
2373 787967400
976 197797546
2330 7292109
4485 273795425
2744 3218030
603 46343813
2639 619120990
2414 311651263
3291 43556031
4824 260534249
3766 503201359
3734 219713833
1715 252804601
4327 42561897
3284 377018186
418 83355673
1461 19575411
2816 11707957
2118 105779233
3588 145033565
3568 628986559
3542 165069577
4981 236816867
4663 266810971
1668 730670284
3045 288249911
3996 26668223
4774 105180031
4786 232308649
92 394612993
2788 861128945
1390 222463781
1357 190045337
1788 92060583
4902 236185489
89 64802449
4640 15893641
3594 79129220
4914 294382189
965 84511189
1969 794149852
4778 166823482
2864 42786613
4196 201127465
1230 705062071
509 3353926
4669 14751096
3741 89199164
2542 309213905
1396 429380678
935 364515321
2075 43900533
322 227551741
4629 47276125
659 213314065
1540 114139803
2542 628836609
4133 372674809
2861 7736176
3085 247675897
3962 391123301
504 614497
1401 336083095
549 169315651
261 38767906
2677 92434777
2170 663147673
376 321905125
2499 648533461
1494 805450783
2017 16093873
3221 6119485
3397 488092606
4863 473976301
1559 72688928
994 198338031
4249 277833075
316 197678139
3725 677034721
3294 128441016
3947 161706027
2880 248881
1251 39521533
1168 163402042
92 593974702
2523 239674191
3199 81295111
3654 566671545
817 211906241
3493 136918424
4432 271877665
769 87228712
1855 613679431
241 57273373
4091 198778323
1151 83745067
2372 54676487
1363 113672959
4869 30567643
3481 34809613
2425 2691617
3837 653536123
3505 337072581
4975 553319001
94 579173193
2999 106358988
3308 199540501
3297 565592219
3933 879539473
4925 463779870
1718 67045168
1272 234394147
4235 769405726
502 115582069
2747 1650739
1803 35761789
2132 220678897
4082 644460551
146 212169801
4174 180685609
2902 337421799
940 114336901
4724 24204465
105 36013933
4552 739558300
880 745424910
3185 59276401
3614 853022831
3756 20290081
1591 382140473
4391 321879606
3677 381035953
3521 288405481
4801 99912122
1604 217464881
1771 645868868
661 10265901
898 100689401
3918 250783325
336 75329381
906 190284156
4617 455815396
3647 243456815
1848 78534541
3048 482699215
749 23905757
222 13415441
2750 71085
4323 226925755
1337 324832336
2779 653240709
2716 44345297
3517 275583792
81 167938707
2106 471128401
2277 564644341
1143 270339022
2478 102195511
3587 236650261
2567 104499145
4323 92409286
2591 353787513
4481 226161941
2532 92543424
3517 40757809
3737 557775492
3881 584586183
64 121234821
938 111735493
1296 335545161
4317 2924764
4176 912199821
1648 752785042
382 158200996
2713 957973717
2881 315864686
2800 6791201
1132 541064027
3596 644460545
3910 35688573
4777 258730517
424 23915056
1114 24064629
343 210071866
694 232867737
2782 920245
2833 713927915
2999 888862439
4338 247589781
1425 10793182
634 31007071
4628 142656886
4530 935845296
2924 187781799
1234 566441569
4981 152817081
2603 169116337
4100 194172607
2801 245628181
527 8042311
1149 103117258
2953 279478165
553 75000822
2480 98934379
2871 411993311
2318 162305526
1922 570550531
4209 121648474
1452 380542849
725 15587845
3445 31668159
2486 5605001
766 187557567
4886 13048413
1136 216519319
2871 190349515
777 26526106
4698 325049705
4977 418949129
4116 714925209
1546 792534408
1523 178666353
1165 223576354
93 102887319
377 13717245
1638 120588217
3634 222570392
488 674715880
2900 727201280
4524 291839283
3402 416205409
3583 51730645
989 464021847
2886 130705516
1027 149041762
2977 118031491
3214 278337333
2928 195210010
2485 52189992
4888 15041377
3044 104895883
3551 915213547
4930 310198167
1276 5336530
4257 369619251
3445 3765529
332 25836601
2030 202210972
2885 214524465
1973 9135105
34 16696809
4775 108198286
4871 31534509
1747 132110375
1292 111145718
4009 168424355
1176 51150207
1038 75180849
785 447562843
190 10600291
3456 211770461
3280 376148521
3391 130115896
3337 70245631
4540 129251319
1901 426795022
4794 2135666
4531 388605739
2711 174742501
4891 254378071
2111 46184237
2655 285665343
4927 775840528
730 300880900
2794 134392321
3144 2806801
843 636244494
1692 90110881
3230 260109361
4297 200260817
4988 27811877
4542 390566657
1853 308046369
2485 177886731
3345 447722396
176 17467185
328 324470297
105 79696279
1782 21832036
2754 169886671
1912 102145761
4215 584492906
2479 394036866
1048 161458033
3045 14927883
2573 269024293
352 716817201
1832 103422005
494 480586933
2765 6880732
3856 97139751
2225 292849569
4482 22309186
4462 459568677
2231 89910181
1102 580157794
2974 5218399
4323 102624799
1884 215791773
2627 213672265
2559 100578067
4835 141941129
60 128922085
3903 13355137
3865 277329529
2057 303600897
2391 13531431
2836 62746275
4088 281276801
3557 9899785
364 468746339
3372 476971417
822 303086597
4363 267723883
2872 197727653
916 38386761
310 410748381
4362 3352793
4130 1587026
2765 99105865
1888 65339777
2208 124522282
1074 40718437
2425 52538669
3085 428325741
2012 416394109
1162 31121478
2835 941950451
3221 22389929
1109 86274865
4596 42205073
3890 118526409
4245 929694601
785 141732919
2694 615775896
1504 29349017
158 320083181
4433 66766096
2667 248807131
2622 634933281
2660 18533809
4292 148688308
1171 247220856
4338 258571153
1980 2494647
4192 552370381
2236 30430213
76 540811591
169 548994460
4920 123551891
1050 550726905
3582 302633472
623 620993249
4683 100870177
717 474774477
1555 2196706
4072 18161929
690 122944818
2937 461592171
4049 171356651
1407 30036557
3165 381457030
891 195261274
530 563715751
4563 710845871
742 254776705
1954 694061785
3119 135548260
4941 197012413
2853 58184679
3451 157593558
4838 174430361
2100 40955060
3150 66362752
3457 105095330
4286 42096673
4432 192318001
1169 64969774
4563 504041987
3665 348550348
1342 70188757
217 165958876
2368 77800457
1417 537886378
2931 103903985
2615 32802916
528 252616567
1391 542567969
636 340707596
2327 271968223
3156 106074961
4960 499980601
3292 534210822
4683 45146476
145 100853221
1 119656699
4678 437634656
2512 168677884
3519 80170739
13 133447809
4237 155234740
1158 77418433
2024 186818401
2196 341546401
2201 674845970
3492 473397963
2558 27598663
1174 220106714
117 322936216
52 640576421
3541 68277601
1457 372200053
3518 568914812
4898 10434378
2651 384007084
4968 201312859
701 457449162
4027 448607566
3485 120855405
2813 149908861
4704 114124977
740 75531275
4659 283328031
3504 233173355
1989 289275465
993 428152561
3125 275006447
1632 624182644
568 72610042
351 685289141
846 23306851
2778 16424893
2494 125199086
3788 588957929
1522 279555693
1512 39671625
4258 45229999
4590 5701701
4356 152397190
3988 277998241
3856 417124387
3433 296785585
322 784154936
101 259379983
656 443648596
2830 154012671
4780 697034270
2882 315778721
404 59455677
4240 54285661
1722 80042313
4645 233851865
1940 400279241
1193 123426797
1365 289173401
1410 714236062
2961 151577112
2485 138450841
3064 348637741
2159 420910561
4176 237459923
3268 223298146
1240 66257239
4726 590951791
1513 52083881
246 643321041
312 199395496
314 402767758
3304 947572368
2699 211657006
809 94080029
4431 252699205
2291 352016231
2273 73705456
1914 331844811
1422 839585265
2684 17112201
4858 176264675
2179 90395089
3671 126427621
3632 193903876
1942 633381343
4304 391317961
2047 81242694
3977 306271
3165 27056801
2739 46862201
4196 605491251
96 83686527
151 48634966
1818 241467557
3495 669924795
3414 189458161
3415 520075072
2011 51966601
194 3450601
445 11507635
637 564498221
3156 579678071
2466 229204960
874 817150861
524 18366721
1655 24649486
1303 32675079
2717 267999049
4828 360245229
3324 28090797
1882 689194894
1035 22957201
3281 379969059
1584 356057293
798 201677335
2634 199355958
1420 131002172
2223 864987085
891 327960661
4486 214683547
3120 45836167
1558 293886709
639 519773662
1331 54734901
48 126136321
1475 25175233
1654 95223508
467 211688851
3231 38764251
3783 333169426
76 212521123
3562 488311273
128 67362534
44 434288425
2545 234332601
4472 400668868
4984 334145230
2708 342378269
1124 69418285
4782 720616254
2721 13213435
3721 24741991
2587 49687353
3643 444905821
4609 268950643
2507 503491033
1521 121257155
3705 7128837
1490 402176421
3398 133475761
3921 37833139
3107 364764821
3435 264532069
3907 610908077
2772 586941934
3025 13586632
3831 93221129
3282 3353750
2830 190678281
4022 61611871
533 48966637
494 238480201
3526 168994711
3025 500167822
2256 237356845
4593 287081489
1461 48617545
874 139654789
2216 218382807
4792 179662861
4206 13155026
487 559120297
2641 13690731
3665 302261769
2047 865863199
4415 549902209
4034 32763251
3308 43667699
4655 769316329
4333 65958212
4874 294593239
447 630309681
754 65750686
448 501572765
3470 100636959
3653 340611583
4185 607623589
3354 541749137
3757 835458805
3185 226105729
2853 43938451
3736 304680625
3424 354589621
4391 202979166
2950 45609233
576 163378813
621 231373783
115 115530451
839 212350401
57 133455379
2572 443939926
3117 263591524
1885 16218425
254 239084794
1875 262995039
1716 98667761
1184 225891601
1524 236252620
1502 279641767
122 294175803
3969 69709267
1590 524996959
3817 536946803
2376 166467741
3948 65803846
1926 310061474
4568 202846835
3507 366468051
3960 513079759
1151 1936633
2146 17012113
3518 483841358
4965 717786349
2999 689907097
3689 32537431
1033 658903749
2318 23635300
3618 141777791
4422 54646045
2385 142620703
3640 202681532
1804 249402785
2851 435825592
2361 80916331
1521 396193801
3558 213905791
3312 823617943
4522 143767191
2788 91351261
1348 529018849
3402 53107036
2398 95987243
3093 33249361
2133 375829741
1706 7946086
3426 669206346
2937 394691427
2852 7969481
1754 42555521
1188 74915526
2735 834835945
2599 73769137
1917 56223126
4082 785950516
2045 551823081
1709 34755140
1792 83164565
989 465072541
3316 482049101
4132 267123670
2923 123274936
805 240442046
2998 454972041
1331 17061001
1301 216741705
1054 872324641
4266 67224015
524 100808737
2136 21104965
4498 40038520
4829 195818689
4534 113308833
2577 473488001
128 306433551
2844 144646966
3809 641476121
4218 130554425
4229 230693932
1791 263613919
3883 422993899
2035 229179781
3265 64628601
1640 65534151
4002 709289401
3287 268205106
1605 7131265
4381 301500088
1266 49426951
3484 173687753
1443 292274074
1962 496709517
4224 552731005
3758 62343107
2237 111466327
2227 77077916
3127 165504067
923 130747465
3266 232386193
3992 175321493
1402 64353501
1898 23972369
453 763057936
4914 13702081
467 81010801
3848 68798365
4384 104275293
1134 188850065
747 544018254
404 515797428
113 15323856
2528 260221267
1106 50358087
1100 176396251
4082 66434861
594 145982049
1784 20274577
375 239982638
4207 254281041
1364 47897202
4036 562501
2125 19248693
4586 14558825
2527 73840236
3885 856669681
4620 23628050
474 22285568
973 7242425
2647 146211595
3397 53835796
1382 133672347
3900 587758001
1023 568563601
1215 4939952
355 297015091
2523 548093811
33 167783835
722 337056742
1781 531531171
827 158996411
3266 117091233
1606 150691682
565 182369881
3498 258047475
2113 652739361
1621 309047056
1295 5693845
541 315870745
4722 669411770
4598 266250255
3007 30235086
868 34089059
1661 268423843
1900 227245861
3692 869709511
2539 339436579
3227 8222177
3272 399349521
1236 185605322
2366 188660928
2387 407955147
4618 45968077
1097 64019729
2676 59382653
4876 30236230
2070 18821700
2404 195411201
2312 211738051
91 108223186
3685 581372155
4481 101819529
4652 12817827
1270 234213202
304 301454305
2539 882034001
3767 25720768
3232 1006741
485 389684659
872 16817761
3449 123314681
2247 426169916
204 22075369
4982 670761751
4332 222439699
3981 142353577
4601 163397107
2575 2838590
3318 5522473
1947 77003648
1375 455021953
2171 279468456
333 523450945
276 60144811
4699 521437761
3653 290706247
570 15337972
3032 240923815
3743 101888551
656 147184464
1345 15735826
3998 734477078
2441 173373289
186 473978205
2519 125341048
4783 267189809
1276 88339243
1609 150848983
3734 252455495
2296 805794391
1029 234853268
4324 342870526
2310 9201226
2840 812663944
2040 131498768
4572 181632803
3908 14402857
2874 71530041
4539 117066189
3364 336462449
4440 748282796
2628 791703249
2356 6896887
87 155529916
49 300535898
3513 471883681
200 20405269
3064 267772414
548 157370473
1219 114878737
3884 431881926
2166 198561796
1326 150170355
4388 199385506
375 239549075
3217 990473573
902 490814281
1182 4748209
4895 29620691
1352 657615401
1743 80504677
872 239409
804 199977751
1476 114052168
604 724961269
1172 133597315
18 742671053
913 381432733
3084 408428064
3422 10176201
243 26896159
1499 252340001
4273 537017425
2975 288205391
773 220568730
4255 89528191
260 637537073
802 294761916
4664 394746451
4963 362700385
2676 167374756
4749 345715038
203 23236795
384 33960001
3063 180252521
1556 321249677
623 158788961
2366 694312810
2831 438491639
730 26952331
4372 154111537
1735 294336778
3010 93026826
2032 75988630
3810 60989216
2696 109693401
3907 288797113
1499 88751580
2419 24250681
4533 302311018
1061 507397585
2744 304413553
3921 180517249
2428 44324858
2209 435394252
810 217064985
1250 142088024
876 152825177
2653 42424888
4583 123953677
3083 171298531
4990 953855472
4200 115633911
4055 235560321
1012 405141485
3452 3021673
844 317847286
1142 225533323
5000 202596868
273 4734155
1292 244443037
3811 196399633
3512 97309577
4656 102126463
158 245885538
4817 64777770
1033 347794357
1664 106303381
2747 25749179
429 32619131
355 557623303
656 85756485
3909 1791310
3393 148016968
1996 267458849
983 74355711
896 247590728
1311 49498419
1244 9382011
4774 20769581
1324 22962781
497 533761165
1898 537261284
4329 303147265
2234 66461800
2456 177195131
2456 30112947
3675 71060571
2525 744604519
3683 507248965
4539 454150909
657 139288081
3596 312875809
3162 57198241
1190 10194283
1169 581828671
990 233716799
2538 179683597
2671 360530259
3140 292335887
1980 240246847
2459 79062535
2233 387169461
1969 511965559
4573 461951788
4959 331985911
108 66372193
1467 206904661
4006 213361310
4773 158713993
1579 168180481
3773 59296810
1705 260933089
1759 160163851
4533 86699849
780 12684456
3841 45012460
624 532668943
1279 672646823
3053 104552821
1675 192389861
4522 133518010
2255 8897561
4479 440420681
310 666526069
1638 59110369
4644 475466434
2564 130670310
4639 257653501
4475 727142417
4836 27381751
4123 175060236
4182 234404545
4436 190898506
2598 3726867
2017 432150797
1173 391646729
3005 67393309
882 343624156
2569 260426375
1771 234199793
1613 489369731
3142 1180649
4856 88378064
2708 398398056
1482 297290657
859 10946833
2150 4124337
412 437228377
4352 43959819
3752 333950189
513 274475800
964 21818053
4971 316824595
2077 104770081
1548 731154913
3028 692072961
4983 174056065
642 851964046
1519 328234908
954 24247975
3645 13194043
3393 221175255
999 14006455
1258 181421733
3864 233880577
3290 742659161
2344 361515466
1470 4713593
4592 520427134
2854 930731131
2449 422226781
2144 511830991
2902 190640602
1886 26912503
1401 42182851
1814 14184307
352 706362049
4965 37344986
1792 445048003
1061 694130877
1783 167884267
2819 128575667
4681 259131728
3242 128992084
79 274016003
452 83038775
2749 111564883
4365 72272641
3525 731501686
2625 46954877
410 362452915
1655 79911966
103 46901403
654 23038366
2390 75988933
2830 374961361
64 551277091
4516 48131713
886 603773
3398 29879401
3290 488271596
2079 463392293
3651 545536881
4635 527035621
992 393686227
2130 116074411
4246 373302865
2213 241087921
2260 86085379
154 916271083
1906 671239933
4227 415419565
1717 226473655
954 32694121
2803 77014433
995 375130017
1397 39341401
2509 632972635
3445 97547984
193 446437321
481 46955407
3025 324357591
3543 18180531
334 80741929
4337 155901361
3682 12759391
769 137796634
2852 119651254
243 8626208
4316 361898993
274 518412301
3999 498402121
866 4936410
526 299155193
959 95739649
2014 21699785
2196 437630049
3259 99140581
3928 337439002
1738 50757541
2059 307621045
3411 707984650
2468 423787411
3838 142710280
2539 107845957
3994 348843116
128 50456800
4121 231851639
1981 179901105
4824 846657441
3379 674084083
2944 286427860
4187 220680688
3177 508286137
1612 212670892
3528 153284865
3876 407607721
4918 108978637
1384 296164178
762 78302259
1729 923298965
3027 68269124
2302 10434581
488 190517201
3360 488242957
2146 610116405
3004 40900575
839 62759269
1873 337979826
3025 9366614
2375 358839055
4557 10367715
2183 220076858
1472 246777328
1766 708923041
4846 272705327
4984 550284666
2310 401348123
528 459257205
1618 928506948
3087 57476677
956 233970283
2302 400419415
538 25426287
2561 139610163
2250 207496411
3315 87099412
4643 2707150
4447 242837083
2089 170057201
2794 932595013
2026 14312481
4739 77812201
4889 680175145
3456 456258187
2488 26423037
1085 53841529
2340 92993995
1195 27258639
928 148268611
1039 731812159
1475 522480685
3443 310493453
1087 165984229
2191 275097119
2520 54888449
3631 371545681
3227 55076356
3212 249355476
172 204502201
3106 394069429
3200 210483784
3012 467872129
914 56275188
1047 2490881
4687 101114861
4717 198490621
3939 60659569
970 409925361
1728 252840451
1050 18589433
3836 51552481
1872 7501313
898 565503071
1303 191616433
901 7510252
4921 43383385
961 276742396
2016 151014620
724 4443495
3020 129070585
888 212726525
294 181914687
2025 523685957
1219 77429206
310 636654629
1987 460921761
1187 453928783
209 58634801
1518 584011665
968 452288033
1916 167975991
2824 293114053
2682 179999737
3251 143083903
1689 27444376
3758 621236509
3128 80421691
3278 879589776
3077 454782267
1594 449092001
776 6473589
2421 115858926
3550 898581475
3803 144295681
2660 201821059
4112 193902379
968 31116385
1505 349829299
3114 455209369
3937 152125497
3897 858372481
3743 947544067
2046 31743073
1431 103138183
925 192713361
3416 375176579
1388 543271609
4676 193176023
1323 336069464
1954 76063303
4973 504226801
1579 424445536
4711 276579865
2640 272794195
1288 642391140
2341 168220873
1186 54539851
4587 183900673
4619 435246001
4828 16987278
95 22678817
4130 46514161
1881 69482725
3801 28930627
3304 2118169
1545 10550051
311 177609660
971 358644476
4521 492303199
1015 507132136
1955 124455409
601 1696451
2139 910138633
2476 390243871
596 259852097
4753 629013585
1716 38229749
2443 352493112
3120 96944839
2097 145995279
3757 22986338
4867 581627773
409 136985019
4565 226179037
789 296611483
4675 61116973
417 663595682
2017 845533101
2596 348901457
1534 767916457
1177 99969301
536 511092394
4954 64319474
2220 20716062
317 512357575
3629 712284577
4385 186882521
4138 106819991
1715 19222207
4274 803283058
2129 126100860
2117 66587942
3971 894232056
31 398231891
2715 453909265
3339 37795796
4913 737090797
3989 212013036
1849 377103125
401 37737345
2249 373036297
4826 309232569
236 756907126
1027 11977197
131 24374582
1262 24066045
749 37546145
209 894456821
575 115696810
519 252092649
4488 126830951
910 449357326
3611 438759
1153 560578719
3750 250587617
3662 419150131
459 150280681
2386 238661697
2299 510058839
1168 327537731
1920 79487576
2068 2416465
1656 62156121
4241 262070901
4756 112710215
2915 478925812
1569 12135768
1531 23250241
2701 161538625
753 395874442
529 425050489
1325 36054076
4089 228491569
4943 175197223
2253 785233837
2524 167694481
3537 69959881
359 145501085
3024 555991168
217 101613793
209 99102513
359 145008381
181 13215736
4036 556544743
983 610935445
856 169584967
2642 8990801
953 486860571
4627 99439777
1518 746649320
4531 188250665
529 61690590
3070 512570450
1986 380211201
2101 119395009
4908 235380076
1773 602077673
286 92177912
3860 543717637
2797 740787731
2688 100007272
1247 501668001
871 19134062
638 274767001
2431 365681221
3801 501201793
2755 297939301
292 469044961
2212 177029139
1199 109650613
1109 295422401
2605 103626901
4103 140868316
4482 195467992
2749 698509029
3312 167680669
3918 168975086
635 298524425
3391 318241675
2981 110429953
2012 29062249
3979 46650826
1715 312363969
3431 762443089
2797 561923857
4546 107326123
4224 185963383
4638 363969601
967 189170905
838 871303623
2269 182625175
1193 811858643
4090 342813420
1791 112537286
3281 251492209
1227 943744915
2403 391542306
951 438817921
1668 104440954
3044 108697837
4301 196538222
3247 189403161
1869 450644002
2203 207322501
2754 572506561
2871 846995713
2869 269694217
2218 56801773
3529 730043079
4908 285591376
588 386676433
1634 20560537
4752 46064539
3689 58937245
2539 676556929
3856 273465617
1989 51834975
391 2520415
2690 13347097
343 574913207
4616 756500110
2542 381123569
4852 497417551
4087 117046656
4915 52985185
3823 394346826
3767 185301529
2909 369760651
4309 646781661
2450 166647941
4832 128328806
2804 275391095
4507 39757877
3317 55925906
4463 174933521
772 441766531
1296 26224401
1478 230220007
4279 599486143
4242 613934896
1951 213201204
2139 57534001
1122 78991905
4656 217181383
1318 634174096
3838 416799883
3298 154425349
4101 838150377
3094 23957891
2510 271088773
2227 59719778
862 636066887
4641 487786993
2099 275398403
2183 8414641
1622 381495665
4195 893274967
3905 98055697
1170 699556641
2428 317369281
861 406355321
3089 207033074
72 2565369
2676 443634706
253 206647949
2811 318823186
4188 223260449
2000 7686619
1202 97806521
3296 109041362
4395 926137153
1719 46049888
2343 103308019
4214 406419311
784 124133313
2254 203281611
358 276909881
3588 81881101
3345 512686567
2541 45183997
4584 49312547
1249 91384691
394 192041208
2501 39169457
906 727514701
487 9685717
3521 276958969
2792 77694993
4754 553205929
3717 14518549
2162 670022005
688 392451969
1643 567650042
1932 100387893
4964 383257737
3540 324828435
2757 721594411
1553 24069214
868 3549748
4271 34911925
192 78258785
3980 57160351
2080 47099371
1994 598316661
4427 598321729
375 57174349
2663 1697601
1565 495387707
2928 494387609
1371 708732829
2408 1313201
3098 86370886
2651 8626366
3143 1427321
4816 302528161
2954 719819671
2916 192431867
1881 332617471
104 648509479
1595 151759486
4905 550814215
2289 569222087
4014 374399020
1057 2006840
1415 577253953
1243 301678165
2459 571796660
4587 281720501
4258 21249841
3949 331599113
462 203937413
2361 224321001
1787 651899437
1226 323248101
2647 507136767
4028 137797507
3410 163063405
2214 7906376
2679 35661662
4421 171021415
4725 190126147
1585 105785369
502 692795247
234 803386545
584 188616751
3240 22219023
4252 523240747
4614 278080169
4277 49893433
1962 160560052
4621 101865347
880 836074833
4518 171931717
4311 435151075
4063 217842799
1062 4192441
1809 287930902
2559 214925632
798 126561739
554 11780892
788 93547873
2297 104645781
3995 682207375
1277 203733779
217 105576805
4235 749253275
3928 813963515
1251 150161089
524 31734711
1441 600510951
119 420051199
4046 474610058
1083 155093121
2368 131855754
1323 167405291
1726 322836708
4389 301829038
2781 118527851
2527 26803161
4569 353292178
1542 327309809
2912 449537476
1207 765562684
3503 19639639
1186 888704407
3518 78336001
244 173812459
160 99374689
1865 659548881
3383 710035255
1900 395414859
2257 259545196
3867 569488362
3477 12348076
3090 511987801
2420 656971529
4356 174585133
406 493903321
4666 113928301
4247 5692546
793 55683365
426 956816307
3799 230047777
1128 34567648
2515 440622551
1127 118853758
4480 25963155
894 845634266
3868 150606622
357 270193645
761 575756747
3530 165975081
904 197540969
653 265874085
983 385994738
1167 61351921
4598 178815918
4839 349584901
1094 411481539
4735 245168605
799 47184944
3260 430917541
1902 341124161
3288 413462050
1575 472380029
23 228343105
1668 342495
4118 2433133
4946 423412881
4179 308680629
53 126264711
3074 28892601
2497 555175051
584 38778852
1441 223751221
514 313844678
3637 718549870
3471 356160791
4869 389823802
2138 682579265
2611 735637051
4144 146246332
1745 693319703
211 99189817
426 205671037
2609 476807343
4284 571665576
1122 64997236
4392 51067981
2785 586227221
213 572232751
3099 124889851
1932 335037581
2164 86647233
620 81180055
3319 566820161
2480 99849441
1825 819556761
2016 276896958
2163 39170881
141 80753083
3194 166217731
2802 331051657
1634 498521423
4940 165806411
1756 557569585
3058 288361811
3981 25925207
4242 142560769
2047 557372141
1065 166219846
2633 97141936
4700 116624043
742 145086305
4496 715180809
4714 120056431
1115 129592321
4402 314117404
127 75734370
1158 84746241
2306 218442931
4220 58103621
4032 40867025
3260 249264181
990 204218003
2113 348260506
389 636794601
2565 4968841
3942 217064571
1122 57536683
2023 43056658
3739 101108976
3268 111414691
4364 146367281
1537 530216737
2144 5621401
3450 204804991
3365 485579277
1501 485664230
3001 213809515
4296 106838929
2703 115677937
3093 132663557
2869 24117430
3005 563422559
3568 23957154
237 326393677
4072 15649401
3085 229919141
3698 254549151
4511 58981385
1844 460235611
2259 417014860
3896 130048229
4583 178758945
153 65479126
1647 855413471
3323 235618901
2225 234292825
4555 843486341
2113 749940841
3043 99943687
4640 302608846
725 181600165
4526 352975666
568 216038285
4097 87088249
1828 61174682
2147 33493705
491 438722977
2983 734513653
3206 488691841
105 636961126
3328 252353641
193 351745341
4412 317783233
1424 122659983
3926 205210741
1417 39270819
2245 799021466
1623 399567901
4129 278244998
4885 120828877
3132 32992257
3034 605065816
1686 208972039
1732 132109303
2876 248498873
3909 433520695
280 295697501
826 171063285
593 473845240
865 561383558
2299 834799369
652 98307082
1930 42222646
3757 131414738
1191 68860849
307 788600209
3990 53972341
1175 23487297
2798 109147126
1019 412797832
2692 29929241
3147 191564816
2240 36446685
3588 254972564
3839 305569315
2108 367921201
3238 65608511
2155 621772675
656 359148903
1657 273186973
3597 56658041
2913 667582613
2214 18154877
1137 169793482
2045 60285376
3172 240057885
219 465445296
2962 392512297
1210 153930349
3405 186539543
3063 93149848
1167 953124934
4794 368449113
1443 545860525
858 106671761
976 582147049
2120 21602792
1438 948302646
782 226662769
1167 302001103
2303 17841565
255 101638018
3179 67531060
2848 239120875
4801 174398833
3182 234723797
4342 96520474
1537 80611741
3050 629467051
1100 335541025
2123 365496241
522 200057980
440 434533722
2242 14703519
4593 425637606
4095 967400461
2854 41300126
2202 110942581
135 271218226
1397 13677121
841 86364961
3093 104717831
429 31908053
3937 40242533
4945 638334225
1228 51448001
2405 503786458
3071 548049076
211 41335491
211 18613827
3827 19489038
1545 76935982
4445 325325731
2099 331944715
1618 52914390
2199 606733004
2339 811795135
3096 789355603
1352 6277713
1143 58154177
2257 410828095
267 169626241
1388 425824875
2428 310346453
2802 483523651
2433 280606433
1854 449600065
996 892909821
3807 226252241
4947 191979426
3039 551959448
1445 278829581
2099 316036141
2768 771082621
3395 50984299
1656 376696209
1126 417405493
2056 744375444
3931 184635403
2106 255524941
1592 227832937
1330 8681473
1366 200030779
2759 277245774
1480 314072023
4633 286515631
4122 331530153
4903 146473001
4917 287409377
2202 281685181
1383 149544067
3918 340602874
2644 647779969
4505 822380131
660 493724680
1758 99493343
2025 35718985
2797 90755759
1126 33255647
3648 344492001
2490 217303804
2602 292504960
3509 64732032
4980 46319977
2722 326134433
3990 949827712
1512 450546671
597 648076111
3532 360844833
1038 87595201
1955 6348031
2017 181582201
3360 73149947
3178 472263567
2183 870604537
1815 47731724
785 408434365
462 457707524
963 683154031
3770 913252921
4639 382255396
283 53240869
4793 284814901
3878 5338279
577 437849674
3726 230086465
3539 365306546
4769 86423996
959 525438738
4095 75425263
2311 317972026
3187 162255731
4375 256230679
1957 200772649
279 15740695
4049 893361799
3109 979963723
2536 179936956
2645 555534321
2518 395239753
240 16143947
4191 168484306
2695 266409633
1916 485271601
1346 29301681
1660 564686313
606 203713546
675 6621977
3159 474576201
565 457113601
2645 178007101
1783 137016811
1809 269166465
1340 155710979
1415 723016953
3295 230865949
3082 54250593
3977 305649777
1089 318801916
2891 356682561
1187 635682055
1302 107333509
4161 604523019
1237 601720237
1749 125357968
404 345023401
2318 202779479
2036 1168263
3469 19601217
3397 110865041
2434 174572938
205 13885131
1684 159236335
1523 401073193
1525 113490001
2787 297040195
654 156856581
3055 13496239
1507 240943348
625 569563391
682 361931473
3211 132700809
527 193739371
4334 203274001
2700 513291736
1356 28532851
465 11997901
1001 336296341
1767 705466257
3067 128223348
3533 54480088
4965 29823886
3566 642671695
843 776910906
3206 355604470
3214 202175646
2555 38510026
3168 285328720
4450 97581277
805 311164033
4977 341327713
783 405739801
4831 328895549
233 47045665
3415 422886367
4712 80287021
1286 728829267
255 275300742
2357 445712401
1699 204409537
837 2604911
1211 81791657
4395 345427791
2811 43405231
1739 295724134
919 307963117
3391 178365691
2764 54841090
1167 415639283
1316 401752599
3895 194724781
2707 197842061
257 367603381
1167 74437561
4919 237456409
1126 404128009
2052 718468525
2791 11741521
2092 19324201
2769 708897791
2267 131783698
1324 183431311
4777 60213011
347 259846611
4867 293334301
202 357210001
3873 4032029
2737 123909625
3442 4577626
654 203564427
1262 350197264
2306 558576309
94 467998129
232 42887881
1617 548987057
1067 81677818
1495 198182629
3978 197605594
3162 291795133
2211 123088321
3288 99465169
4584 482662261
1314 422670865
1906 180265099
875 451445464
2386 341055061
3038 560524849
1470 289754701
3852 302544577
4662 480882097
3541 162945673
2862 114082053
4449 837743968
1433 24720305
2053 345251726
4731 185936518
352 111773291
3735 135418287
3851 63417817
2404 194473189
4688 275900581
1121 677152417
4217 66635612
4338 838756423
4084 232135839
4816 128605933
3092 716303225
3051 324526062
244 250805793
591 534087160
30 14443631
26 421493880
445 674649685
2710 603885201
3224 404003605
3039 260914501
1396 238505257
1380 191223355
2755 267738857
3716 10402036
4534 14234953
2316 509839331
4672 617850721
4936 148863922
2675 145629881
4684 138144081
1958 220091716
3023 57207940
2404 663336614
2714 460789701
1492 2184994
3354 2985976
881 20610817
41 523529350
3503 18712025
3707 23736687
392 61634973
2043 330483229
1917 55908355
1132 5059051
3130 114060423
4711 391793731
4049 1640351
1825 520599743
1799 3680041
316 698388757
18 235043644
3547 45963065
1988 73044145
3318 172176918
2103 835393249
3383 534298830
1106 144019853
266 285112781
3909 438979249
2774 637415713
18 49303193
3733 672722161
3379 89960661
2991 439382438
456 58547017
42 553322029
2828 452075057
826 649398475
2038 148472500
2132 42492289
3439 181569378
1078 614248218
2681 409704097
3320 302079885
3539 165504081
3814 20101187
1688 695032873
2696 10246276
710 155552593
3599 438106181
4283 115581211
3588 182187942
3366 205451571
3702 11672849
818 30197969
3009 55516501
1153 247636621
2440 123973200
1656 104852545
3510 406337597
1490 312419029
3529 84722586
4247 15080106
1413 333734566
1708 437279701
4921 616775589
4484 50907081
2415 140202673
1244 114685093
661 63510973
637 91769271
4524 119719697
1545 630130905
259 77997201
2929 258727273
545 918385970

